$ 1 0.000005 10.20027730826997 54 5 50
g 80 304 80 320 0
w 336 160 464 160 0
w 464 208 464 160 0
g 512 288 480 288 0
r 464 240 512 240 0 1000
t 416 224 464 224 0 1 -4.990019960067302 0.00982830367804745 100
401 224 224 336 224 0 8_15_-15_1000000_0_0.833333333333333_100000 0_20_10000000000 0
162 512 240 512 288 2 default-led 1 0 0 0.01
r 336 224 336 160 0 10000
r 336 224 416 224 0 100
p 80 240 160 288 1 0
s 80 240 224 240 0 1 false
r 224 240 224 304 0 10000
w 80 304 224 304 0
w 80 128 224 128 0
r 224 64 224 128 0 10000
s 80 64 224 64 0 1 false
p 80 64 160 96 1 0
r 336 48 416 48 0 100
r 336 48 336 -16 0 10000
162 496 64 496 112 2 default-led 1 0 0 0.01
401 224 48 336 48 0 8_15_-15_1000000_0_1.666666666666666_100000 0_20_10000000000 0
t 416 48 464 48 0 1 -4.990019960067302 0.009828303678030356 100
r 464 64 496 64 0 1000
g 496 112 464 112 0
w 464 32 464 -16 0
w 336 -16 464 -16 0
g 80 128 80 144 0
g 80 -208 80 -192 0
w 336 -352 464 -352 0
w 464 -304 464 -352 0
g 496 -224 464 -224 0
r 464 -272 496 -272 0 1000
t 416 -288 464 -288 0 1 -4.990019960067302 0.009828303678047455 100
401 224 -288 336 -288 0 8_15_-15_1000000_0_3.333333333333332_100000 0_20_10000000000 0
162 496 -272 496 -224 2 default-led 1 0 0 0.01
r 336 -288 336 -352 0 10000
r 336 -288 416 -288 0 100
p 80 -320 80 -272 1 0
s 80 -272 224 -272 0 1 false
r 224 -272 224 -208 0 10000
w 80 -208 224 -208 0
w 80 -32 224 -32 0
r 224 -96 224 -32 0 10000
s 80 -96 224 -96 0 1 false
p 80 -96 160 -48 1 0
r 336 -112 416 -112 0 100
r 336 -112 336 -176 0 10000
34 3v-zener 0 1.7143528192810002e-7 0 2 3.3
z 80 -32 80 -96 2 3v-zener
162 512 -96 512 -48 2 default-led 1 0 0 0.01
401 224 -112 336 -112 0 8_15_-15_1000000_0_2.499999999999999_100000 0_20_10000000000 0
t 416 -112 464 -112 0 1 -4.990019960067302 0.009828303678030347 100
r 464 -96 512 -96 0 1000
g 512 -48 480 -48 0
w 464 -128 464 -176 0
w 336 -176 464 -176 0
g 80 -32 80 -16 0
w 80 -384 224 -384 0
r 224 -448 224 -384 0 10000
s 80 -448 224 -448 0 1 false
p 80 -448 0 -464 1 0
r 336 -464 416 -464 0 100
r 336 -464 336 -528 0 10000
162 496 -448 496 -400 2 default-led 1 0 0 0.01
401 224 -464 336 -464 0 8_15_-15_1000000_0_4.166666666666666_100000 0_20_10000000000 0
t 416 -464 464 -464 0 1 -4.990019960067302 0.009828303678030347 100
r 464 -448 496 -448 0 1000
g 496 -400 464 -400 0
w 464 -480 464 -528 0
w 336 -528 464 -528 0
g 80 -384 80 -368 0
R -336 -416 -400 -416 0 0 40 5 0 0 0.5
r -336 -416 -336 -352 0 1000
r -336 -352 -336 -304 0 1000
r -336 -304 -336 -256 0 1000
r -336 -256 -336 -208 0 1000
r -336 -208 -336 -160 0 1000
p -336 -352 -400 -352 1 0
p -336 -304 -400 -304 1 0
p -336 -256 -400 -256 1 0
p -336 -208 -400 -208 1 0
p -336 -160 -400 -160 1 0
r -336 -96 -336 -160 0 1000
g -336 -96 -336 -64 0
w -336 -352 -176 -480 0
w -176 -480 224 -480 0
w -336 -304 224 -304 0
w -336 -256 224 -128 0
w -336 -208 32 16 0
w 32 16 224 32 0
w -336 -160 80 208 0
w 80 208 224 208 0
w -336 -416 -160 -432 0
w -160 -432 -160 -288 0
w -160 -288 -160 -160 0
w -160 -160 -160 -48 0
w -160 -48 -160 112 0
r 80 240 -160 112 0 1000
r 80 64 -160 -48 0 1000
r 80 -96 -160 -160 0 1000
r 80 -272 -160 -288 0 1000
34 1.2v-zener 0 1.7143528192810002e-7 0 2 1.2
z 80 304 80 240 2 1.2v-zener
34 2v-zener 0 1.7143528192810002e-7 0 2 3.3
z 80 128 80 64 2 2v-zener
34 3.7v-zener 0 1.7143528192810002e-7 0 2 3.9
z 80 -208 80 -272 2 3.7v-zener
w -160 -432 80 -448 0
R 336 -528 256 -560 0 0 40 5 0 0 0.5
R 336 -352 288 -368 0 0 40 5 0 0 0.5
R 336 -176 304 -192 0 0 40 5 0 0 0.5
R 336 -16 304 -16 0 0 40 5 0 0 0.5
R 336 160 272 128 0 0 40 5 0 0 0.5
